69
115
116
101
32
116
114
97
98
97
108
104
111
32
102
111
105
32
100
101
115
101
110
118
111
108
118
105
100
111
32
112
111
114
32
69
122
101
113
117
105
101
108
32
70
114
97
110
-61
-89
97
32
101
32
80
97
117
108
111
32
72
101
110
114
105
113
117
101
32
101
44
32
99
97
115
111
32
101
110
116
114
101
103
117
101
32
112
111
114
32
113
117
97
108
113
117
101
114
32
111
117
116
114
111
32
97
108
117
110
111
44
32
-61
-87
32
102
114
117
116
111
32
100
101
32
117
109
97
32
99
-61
-77
112
105
97
32
110
-61
-93
111
32
97
117
116
111
114
105
122
97
100
97
32
101
32
110
-61
-93
111
32
102
97
99
105
108
105
116
97
100
97
32
112
111
114
32
112
97
114
116
101
32
100
111
115
32
99
114
105
97
100
111
114
101
115
44
32
113
117
97
108
105
102
105
99
97
110
100
111
32
101
109
32
116
111
100
97
115
32
97
115
32
99
105
114
99
117
110
115
116
-61
-94
110
99
105
97
115
32
117
109
32
112
108
-61
-95
103
105
111
46
32
86
105
100
101
32
100
101
99
108
97
114
97
-61
-89
-61
-93
111
32
97
110
116
105
45
112
108
-61
-95
103
105
111
58
32
104
116
116
112
115
58
47
47
103
105
116
104
117
98
46
99
111
109
47
101
122
101
102
114
97
110
99
97
47
69
80
51
45
80
79
79
45
66
67
67